99,49
99,48
99,47
99,46
99,45
99,44
99,43
99,42
99,41
99,40
99,39
99,38
99,37
99,36
0,471
63,2
66,2
66,5
59,4
59,1
59,3
61,2
61,5
61,4
54,4
52,4
52,1
52,3
50,1
50,3
66,4
63,4
66,1
66,3
63,1
63,3
67,1
67,3
56,4
56,1
56,3
54,1
54,3
47,1
47,3
0,273
0,270
61,1
61,3
99,35
14,5
10,2
10,1
10,3
9,2
9,1
9,3
12,2
12,1
12,3
20,2
20,1
20,3
0,401
19,2
19,1
19,3
98,5
98,4
98,3
98,2
98,1
98,0
96,3
96,2
96,1
96,0
95,4
95,3
95,2
95,1
95,0
94,4
94,3
94,2
94,1
94,0
93,4
93,3
93,2
93,1
93,0
92,3
92,2
92,1
92,0
91,3
91,2
91,1
91,0
90,3
90,2
90,1
90,0
89,5
89,4
89,3
89,2
89,1
89,0
88,3
88,2
88,1
88,0
87,3
87,2
87,1
87,0
86,4
86,3
86,2
86,1
86,0
85,4
85,3
85,2
85,1
85,0
84,4
84,3
84,2
84,1
84,0
83,3
